image_width: 1280
image_height: 1024
camera_name: narrow_stereo
camera_matrix:
  rows: 3
  cols: 3
  data: [1312.05687,    0.     ,  621.52153,
            0.     , 1306.92115,  534.32204,
            0.     ,    0.     ,    1.     ]
distortion_model: plumb_bob
distortion_coefficients:
  rows: 1
  cols: 5
  data: [-0.068695, 0.068577, 0.003085, -0.002819, 0.000000]
rectification_matrix:
  rows: 3
  cols: 3
  data: [1., 0., 0.,
         0., 1., 0.,
         0., 0., 1.]
projection_matrix:
  rows: 3
  cols: 4
  data: [1294.37903,    0.     ,  617.94365,    0.     ,
            0.     , 1293.38867,  536.08678,    0.     ,
            0.     ,    0.     ,    1.     ,    0.     ]
