image_width: 1280
image_height: 1024
camera_name: narrow_stereo
camera_matrix:
  rows: 3
  cols: 3
  data: [1254.64393,    0.     ,  610.80461,
            0.     , 1253.46748,  557.17963,
            0.     ,    0.     ,    1.     ]
distortion_model: plumb_bob
distortion_coefficients:
  rows: 1
  cols: 5
  data: [-0.229787, 0.240410, -0.001103, 0.000258, 0.000000]
rectification_matrix:
  rows: 3
  cols: 3
  data: [1., 0., 0.,
         0., 1., 0.,
         0., 0., 1.]
projection_matrix:
  rows: 3
  cols: 4
  data: [1195.92627,    0.     ,  608.93498,    0.     ,
            0.     , 1210.19653,  558.35576,    0.     ,
            0.     ,    0.     ,    1.     ,    0.     ]
