image_width: 1280
image_height: 1024
camera_name: narrow_stereo
camera_matrix:
  rows: 3
  cols: 3
  data: [1354.12637,    0.     ,  600.51175,
            0.     , 1347.28665,  543.34667,
            0.     ,    0.     ,    1.     ]
distortion_model: plumb_bob
distortion_coefficients:
  rows: 1
  cols: 5
  data: [-0.260127, 0.348349, 0.008342, -0.007049, 0.000000]
rectification_matrix:
  rows: 3
  cols: 3
  data: [1., 0., 0.,
         0., 1., 0.,
         0., 0., 1.]
projection_matrix:
  rows: 3
  cols: 4
  data: [1295.3197 ,    0.     ,  591.42998,    0.     ,
            0.     , 1300.85986,  549.87546,    0.     ,
            0.     ,    0.     ,    1.     ,    0.     ]
